302.638	126.91	339.512	132.786	80942	84819	
402.906	275.752	438.309	278.574	176402	178358	
156.938	15.0244	201.827	15.6269	9756	9801	
393.483	418.404	422.369	420.11	267913	269222	
349.217	165.039	386.459	162.026	105949	104066	
338.402	294.855	372.614	296.957	188498	189812	
495.91	172.062	543.288	175.455	110575	112543	
285.676	309.052	318.54	307.122	198045	196798	
144.032	66.7203	190.913	66.0272	42384	42430	
268.377	64.8359	305.851	61.9628	41228	39345	
508.682	163.362	543.288	175.455	104828	112543	
612.82	158.564	566.017	159.538	101732	102326	
288.369	174.693	333.143	175.995	111648	112333	
426.874	49.7201	466.328	51.6857	31786	33106	
483.068	315.505	522.452	313.833	202083	200842	
6.55107	76.3712	594.828	164.365	48646	105554	
469.341	84.6753	512.788	81.8473	54229	52352	
556.821	191.242	587.12	250.482	122796	160587	
309.724	62.6327	351.92	62.5973	39989	40031	
623.042	65.6629	138.04	54.2996	42223	34698	
527.301	329.581	565.201	348.736	211087	223285	
29.3688	346.342	71.2727	329.517	221469	210631	
577.308	349.597	610.168	365.482	223937	234210	
375.881	107.17	403.212	110.097	68855	70803	
485.757	237.93	527.362	254.778	152165	163087	
385.941	221.291	420.021	222.207	141825	142500	
402.906	275.752	438.309	278.574	176402	178358	
495.91	172.062	543.288	175.455	110575	112543	
144.032	66.7203	190.913	66.0272	42384	42430	
508.682	163.362	543.288	175.455	104828	112543	
483.068	315.505	602.218	43.7138	202083	28122	
6.55107	76.3712	351.779	94.0493	48646	60511	
556.821	191.242	587.12	250.482	122796	160587	
623.042	65.6629	557	45.9287	42223	29357	
481.967	316.046	520.158	324.13	202721	207880	
41.282	318.74	80.0017	315.118	203561	201680	
3.56435	128.049	337.704	39.5379	81923	25297	
601.587	383.951	637.769	170.884	245721	109437	
201.735	72.5634	244.153	71.1713	46281	45684	
278.752	75.1223	318.389	71.555	48278	45758	
617.735	74.6716	58.3626	334.709	47977	213818	
410.233	261.697	447.359	263.74	167450	168767	
490.812	262.631	530.441	269.664	168170	172690	
305.943	15.4794	348.804	23.4822	9905	15068	
29.5856	16.5874	76.8718	13.6087	10269	8396	
503.664	207.027	544.383	211.939	132983	135584	
350.356	275.102	397.073	359.922	176350	230157	
576.829	398.749	612.745	410.346	255296	263012	
608.701	144.71	537.092	32.616	92768	21017	
25.2887	16.0309	76.8718	13.6087	10265	8396	
166.961	79.0201	208.855	77.5953	50726	49488	
249.263	80.3152	289.169	80.5691	51449	51489	
325.153	207.613	359.495	212.284	132805	136039	
302.511	325.213	335.448	325.201	208302	208335	
455.682	272.975	494.93	278.484	174535	178414	
630.037	20.8754	459.712	251.027	13430	161099	
525.059	152.83	566.017	159.538	97805	102326	
155.842	23.303	200.672	22.7926	14875	14280	
463.816	86.4874	507.557	88.5733	55503	56827	
500.682	34.4742	546.534	36.752	22260	23586	
526.631	349.215	565.706	359.378	223886	230325	
97.6632	86.0923	140.071	83.2921	55137	53260	
303.224	217.394	341.661	214.479	139183	137301	
376.096	334.419	411.255	333.498	214136	213531	
375.084	232.649	407.551	238.608	148855	152727	
330.122	150.775	369.394	150.333	96330	96369	
350.954	151.32	390.769	151.461	96990	97030	
436.572	362.815	486.846	371.377	232116	237926	
530.923	34.1664	384.504	56.2471	22290	36224	
369.249	40.5772	554.063	50.2622	25969	32554	
221.728	98.5294	241.84	98.6108	62941	62961	
337.838	301.965	371.806	301.726	192977	193011	
369.198	238.839	407.551	238.608	152689	152727	
29.1668	342.806	71.2727	329.517	218909	210631	
345.251	231.426	382.148	231.064	148185	148222	
441.706	42.7034	487.872	43.2834	27321	28007	
558.791	364.384	596.22	372.137	233518	238676	
310.228	47.9298	352.361	48.859	30390	31072	
628.441	118.106	83.2372	330.149	76148	211283	
87.3501	55.3317	352.361	48.859	35287	31072	
156.159	57.4344	198.883	55.4579	36636	35398	
302.873	172.235	333.143	175.995	110382	112333	
519.798	378.687	560.848	389.266	242439	249520	
342.427	59.2569	384.504	56.2471	38102	36224	
2.08044	57.224	81.3244	41.0773	36482	26321	
481.967	316.046	515.312	306.296	202721	196355	
305.943	15.4794	227.618	63.7789	9905	40547	
350.356	275.102	387.536	273.402	176350	175107	
155.842	23.303	200.672	22.7926	14875	14280	
330.122	150.775	369.394	150.333	96330	96369	
530.923	34.1664	579.671	34.1517	22290	22339	
369.249	40.5772	407.503	36.663	25969	23447	
369.198	238.839	390.688	273.119	152689	175110	
310.228	47.9298	352.361	48.859	30390	31072	
519.798	378.687	560.848	389.266	242439	249520	
149.068	30.3875	192.703	30.7836	19349	19392	
588.974	192.948	629.745	201.546	123468	129269	
328.766	96.4921	368.715	96.372	61768	61808	
145.039	31.041	186.636	31.0781	19985	20026	
416.433	255.469	450.936	256.906	163616	164290	
424.183	350.863	458.083	355.997	224424	227658	
467.212	256.184	499.479	256.116	164307	164339	
299.528	95.3631	339.75	95.3136	61099	61139	
373.478	95.4056	413.417	95.9815	61173	61213	
495.667	353.721	532.356	360.545	226415	230932	
184.317	30.5471	228.05	29.7527	19384	18788	
352.072	319.338	386.636	320.201	204512	205186	
355.525	286.747	575.76	216.698	183395	138815	
432.138	255.553	471.161	259.637	163632	166231	
368.552	256.087	406.877	256.218	164208	164246	
301.258	67.8687	59.659	335.74	43181	214459	
498.375	98.3987	542.79	100.111	63218	64542	
601.138	133.271	638.771	164.989	85721	105598	
520.751	36.5612	568.69	37.0788	23560	24248	
335.418	259.614	370.733	259.626	166095	166130	
29.598	34.9226	78.2798	31.4441	21789	19918	
350.63	228.247	386.804	229.265	146270	146946	
37.1127	323.804	80.0017	315.118	206757	201680	
552.716	39.4916	602.467	39.5918	25512	25562	
75.6171	70.9457	125.7	84.148	44875	53885	
601.508	135.514	638.771	164.989	87001	105598	
151.027	7.18751	228.952	105.418	4631	67428	
512.517	359.296	549.162	367.844	230272	235429	
538.37	359.413	575.549	370.594	230298	237375	
315.652	35.5423	358.332	34.2003	22715	22118	
466.376	99.7786	513.478	107.671	63826	68993	
97.9533	100.654	564.662	38.3133	64097	24884	
451.601	260.382	488.49	264.206	166851	169448	
523.547	231.535	562.195	271.827	148363	174002	
496.471	34.4025	540.831	35.9441	22256	22940	
634.017	135.641	385.797	144.662	87034	92545	
364.128	357.909	397.073	359.922	228844	230157	
332.052	36.9279	376.094	39.4811	23372	25336	
364.17	36.2452	407.503	36.663	23404	23447	
168.401	103.334	211.487	101.18	66088	64851	
266.517	102.351	25.484	191.28	65546	122265	
188.364	102.864	232.053	101.001	65468	64872	
98.2597	75.1707	143.757	72.5492	48098	46223	
477.405	300.88	515.312	306.296	192477	196355	
577.704	395.102	616.94	406.99	253377	260456	
322.941	144.224	361.421	143.75	92482	91881	
615.301	74.4958	57.9648	334.086	47975	213817	
345.766	144.257	385.797	144.662	92505	92545	
214.594	80.3705	255.773	79.3846	51414	50815	
167.239	45.1454	211.195	44.6625	28967	28371	
144.251	44.5724	191.715	44.4629	28304	28351	
307.718	336.477	340.717	336.262	215347	215380	
308.712	209.392	346.816	207.833	134068	132826	
463.98	269.019	504.593	275.147	172623	176504	
516.026	116.524	550.458	74.9065	74756	47910	
329.172	79.0896	553.407	32.184	50889	21033	
303.141	79.8753	344.195	79.2727	50863	50904	
354.932	299.854	575.76	216.698	191714	138815	
506.835	209.827	339.058	80.3134	134266	51539	
284.629	83.1309	327.222	78.2167	53404	50247	
494.652	272.035	365.785	100.012	174574	64365	
450.429	364.763	486.846	371.377	233410	237926	
321.757	271.487	356.919	272.972	173761	174436	
514.396	82.716	352.361	48.859	52994	31072	
499.537	20.4516	546.998	24.3441	13299	15906	
532.692	148.649	578.585	152.542	95252	97858	
163.785	49.2635	207.575	48.0755	31523	30927	
188.103	47.3363	231.953	46.7177	30268	29671	
442.782	248.098	480.659	251.591	159162	161120	
241.238	83.0544	284.908	82.9449	53361	52764	
31.4598	336.245	72.1098	324.938	215071	207432	
615.903	120.691	557	45.9287	77415	29357	
548.604	371.507	494.93	278.484	237988	178414	
352.932	271.64	387.536	273.402	173792	175107	
523.603	375.957	560.848	389.266	240523	249520	
308.119	152.27	347.643	151.719	97588	96987	
308.188	185.088	347.327	186.916	118708	119387	
584.212	213.018	627.707	216.063	136904	138867	
189.147	88.6046	229.834	88.6137	56509	56549	
424.733	243.437	462.937	247.79	155944	158542	
317.212	89.84	420.021	222.207	57277	142500	
365.498	243.944	403.481	244.287	155885	156563	
308.881	338.864	342.751	339.203	216628	217302	
172.206	87.3034	216.488	86.8437	55852	55256	
93.759	87.1948	137.884	83.2781	55773	53257	
17.157	28.8838	67.1075	26.9681	17937	16707	
87.0553	51.7214	273.58	50.9152	32727	32273	
35.1518	23.8311	83.7947	20.5201	14755	12883	
306.054	22.455	348.804	23.4822	14386	15068	
102.467	87.1023	148.709	85.3127	55782	54548	
460.416	251.574	499.479	256.116	161100	164339	
369.248	347.197	403.399	348.091	222449	223123	
367.996	280.227	403.997	281.589	179567	180243	
576.339	379.952	620.679	395.191	243136	253420	
343.989	92.5945	384.336	95.4356	59223	61184	
20.0728	347.836	59.659	335.74	222100	214459	
149.068	30.3875	192.703	30.7836	19349	19392	
373.478	95.4056	483.141	361.874	61173	231523	
498.375	98.3987	542.79	100.111	63218	64542	
512.517	359.296	549.162	367.844	230272	235429	
634.017	135.641	391.878	356.417	87034	228231	
266.517	102.351	489.037	357.166	65546	228969	
450.429	364.763	487.79	370.532	233410	237287	
317.212	89.84	348.1	88.0381	57277	56668	
365.498	243.944	390.688	273.119	155885	175110	
87.0553	51.7214	394.311	359.574	32727	230154	
102.467	87.1023	148.709	85.3127	55782	54548	
162.481	112.171	306.572	92.391	71842	59186	
14.4862	63.1451	64.4455	59.5578	40334	37824	
98.495	47.6752	144.714	45.2392	30178	28944	
311.966	144.827	351.814	144.188	92471	92511	
491.886	31.817	538.154	33.8934	20331	21658	
225.807	63.8109	267.432	63.19	40545	40587	
609.977	80.4263	58.3626	334.709	51809	213818	
18.2986	31.3847	69.4903	29.6987	19858	18629	
294.484	97.4715	334.701	97.2547	62374	62414	
331.481	97.248	371.753	97.5251	62411	62451	
242.509	64.6815	284.349	64.4744	41202	41244	
317.745	31.3097	360.239	31.7883	20157	20200	
510.057	31.4334	386.636	320.201	20350	205186	
140.682	31.2381	186.636	31.0781	19980	20026	
19.2453	32.3087	69.4903	29.6987	20499	18629	
174.03	64.0794	217.996	61.9275	41134	39257	
184.021	64.4735	225.549	62.0213	41144	39905	
141.638	32.4922	187.792	32.0265	20621	20667	
311.517	81.577	351.827	82.4534	52151	52831	
592.42	160.318	612.493	272.553	102992	174692	
485.73	33.7322	532.151	35.8976	21605	22932	
299.789	82.178	340.379	81.0289	52779	52180	
360.489	34.0618	403.974	34.5771	22120	22163	
588.399	178.251	594.46	340.353	114508	218194	
613.728	65.3072	514.178	292.621	42213	187394	
176.259	97.8715	218.68	96.3944	62256	61658	
0.857844	130.63	67.1247	180.846	83200	115267	
78.0214	82.4882	129.274	45.2068	52558	28929	
181.507	82.9042	347.532	198.255	52661	127067	
187.614	97.7153	229.69	95.6728	62267	61029	
85.6264	49.3203	132.241	47.5016	31445	30212	
536.446	146.011	578.585	152.542	93976	97858	
584.571	194.588	629.745	201.546	124744	129269	
217.934	83.2922	259.615	82.1145	53337	52739	
637.007	132.178	614.525	264.646	85117	169574	
599.528	131.458	638.771	164.989	84439	105598	
516.536	35.949	564.662	38.3133	22916	24884	
517.691	35.5829	564.662	38.3133	22917	24884	
183.99	52.3606	226.497	51.875	33463	32866	
511.706	211.659	76.8718	13.6087	135551	8396	
624.116	179.999	192.191	8.9981	115184	5312	
272.047	99.7619	312.189	99.5469	63632	63672	
167.742	33.9988	211.397	33.1894	21287	21331	
27.9393	33.6668	78.2798	31.4441	21147	19918	
484.149	34.2988	564.662	38.3133	22244	24884	
336.354	83.8544	378.216	83.4419	53456	53498	
504.002	102.854	549.9	104.04	65784	67109	
555.681	22.2006	605.781	24.0076	14635	15965	
208.291	84.119	250.356	83.7493	53968	53370	
570.355	259.511	612.493	272.553	166330	174692	
276.022	104.064	316.516	104.603	66836	66876	
287.635	88.2152	327.919	89.692	56607	57287	
501.794	38.4351	548.955	40.3734	24821	26148	
469.643	260.055	499.479	256.116	166869	164339	
490.463	37.664	391.598	363.099	24170	232711	
171.958	53.0965	215.701	51.7915	34091	32855	
179.422	68.7243	222.21	65.5	43699	41822	
208.813	85.3102	250.356	83.7493	54608	53370	
219.502	85.3363	259.615	82.1145	54619	52739	
177.645	24.2533	221.563	23.358	15537	14941	
480.033	103.994	521.721	108.862	66400	69641	
553.187	39.1904	602.218	43.7138	25513	28122	
355.197	260.803	390.507	261.863	166755	167430	
146.788	35.5938	187.792	32.0265	22546	20667	
612.349	72.8245	628.211	208.45	46692	133748	
510.499	103.972	556.093	106.903	66430	68396	
79.5493	86.6502	125.7	84.148	55119	53885	
614.532	58.8081	626.513	218.141	37734	140146	
230.688	70.9984	272.049	69.9326	45030	44432	
156.95	106.066	196.348	104.953	67996	66756	
25.9761	26.0431	76.4707	24.133	16665	15436	
147.536	9.90959	494.93	278.484	5907	178414	
511.538	89.4201	556.927	91.1767	57471	58796	
566.487	11.7213	618.846	403.214	7606	258538	
548.081	25.8412	597.73	27.0759	16548	17877	
219.731	70.047	261.705	69.596	45019	44421	
232.416	58.2019	274.629	57.9845	37352	36754	
168.01	105.313	210.596	103.078	67368	66130	
255.864	59.1183	297.986	58.6943	38015	37417	
99.683	91.2779	144.473	88.1996	58339	56464	
88.2762	91.4515	133.813	88.1464	58328	56453	
234.649	60.71	276.674	60.4843	38634	38676	
509.579	43.9661	557	45.9287	28029	29357	
265.732	107.597	307.661	105.912	68745	67507	
461.879	262.443	502.032	267.898	168141	171382	
80.4482	71.394	125.531	68.7061	45520	43645	
576.443	232.443	622.433	234.465	149056	150382	
363.529	247.407	400.21	249.404	158443	159760	
171.569	42.355	215.631	41.542	27051	26455	
318.987	139.757	358.491	140.126	89278	89958	
327.567	139.939	385.797	144.662	89287	92545	
170.224	28.5797	390.052	325.023	18090	208390	
607.021	124.347	557	45.9287	79967	29357	
312.039	204.483	349.595	203.988	130872	130269	
505.264	61.4748	551.666	63.6936	39545	40871	
307.902	89.5614	348.1	88.0381	57267	56668	
37.4609	27.6739	87.2038	25.7238	17317	16087	
186.505	107.261	228.952	105.418	68666	67428	
236.555	72.6697	487.333	356.953	46316	228327	
503.443	43.8329	549.887	45.9052	28023	29349	
385.882	248.281	422.41	250.312	159105	160422	
500.257	78.008	553.51	81.2159	50420	52393	
85.6508	77.1742	132.538	74.5428	49365	47492	
95.6206	60.1011	128.386	69.7445	38495	44288	
596.278	141.578	637.769	170.884	90836	109437	
443.224	250.572	483.443	255.676	160443	163683	
337.978	94.1488	378.241	94.2948	60497	60538	
264.557	93.8931	306.572	92.391	59784	59186	
311.24	93.3154	352.071	93.7336	59831	59872	
507.762	78.6734	553.51	81.2159	50427	52393	
108.081	89.9456	152.307	87.861	57068	55832	
494.468	43.5889	540.93	45.3426	28014	29340	
178.991	59.0356	222.315	57.4872	37938	36702	
488.158	61.4402	533.858	63.2886	39528	40853	
89.2239	190.221	132.72	184.892	121689	117892	
572.425	250.295	594.46	340.353	160572	218194	
349.416	264.446	384.404	266.006	169309	170624	
96.2692	75.3242	142.206	73.1431	48096	46862	
101.615	76.0656	147.059	73.719	48741	46867	
145.028	42.4862	191.715	44.4629	27025	28351	
513.577	110.376	558.875	114.178	70913	73518	
296.395	91.9393	67.1075	26.9681	58536	16707	
224.742	73.4472	266.682	73.832	46944	46986	
444.795	251.456	483.443	255.676	161084	163683	
82.1521	62.4324	129.358	60.586	39762	38529	
416.242	252.551	455.254	256.16	161696	164295	
182.015	91.6563	225.324	89.4156	58422	57185	
82.136	46.0981	129.274	45.2068	29522	28929	
578.541	222.906	594.46	340.353	142658	218194	
372.79	252.528	408.562	254.121	161652	162968	
109.164	76.1386	154.079	73.3188	48749	46874	
560.474	304.585	612.493	272.553	195120	174692	
318.004	286.086	527.341	147.938	183358	94607	
568.476	268.504	612.493	272.553	172088	174692	
470.553	268.119	509.817	274.039	171990	175869	
357.305	268.881	392.843	270.482	171877	173192	
366.18	254.123	402.563	256.379	162926	164242	
356.746	286.955	238.498	106.807	183396	68078	
576.986	383.747	619.863	397.935	245696	254699	
356.19	300.801	238.498	106.807	192356	68078	
556.445	322.218	594.46	340.353	206636	218194	
209.75	337.727	244.211	333.648	215889	213364	
564.432	286.397	594.46	340.353	183604	218194	
336.895	321.829	76.8718	13.6087	205776	8396	
355.287	322.177	390.052	325.023	206435	208390	
431.292	254.449	469.785	258.129	162991	165589	
221.988	337.939	255.868	334.018	215901	214015	
512.057	369.788	547.787	378.287	236672	242467	
317.904	270.051	353.659	270.257	173117	173153	
531.93	370.471	569.617	380.322	237331	243769	
42.5603	340.496	83.2372	330.149	217642	211283	
312.142	356.172	344.546	355.973	228152	227544	
552.475	340.538	612.493	272.553	218152	174692	
548.474	358.341	586.55	370.786	229668	237386	
34.5577	327.573	75.6926	316.747	209314	202315	
311.791	342.489	344.479	341.846	219191	218584	
361.668	357.509	394.311	359.574	228841	230154	
28.3585	330.426	69.8972	320.203	211228	204869	
28.5956	331.523	69.8972	320.203	211868	204869	
509.244	362.504	546.022	371.41	232189	237986	
17.3789	346.165	58.3626	334.709	221457	213818	
21.9059	329.774	63.613	317.864	210581	202943	
305.914	349.274	347.532	198.255	223665	127067	
540.273	364.285	578.717	374.416	233500	239938	
508.69	363.208	546.022	371.41	232828	237986	
453.088	364.587	487.79	370.532	233413	237287	
364.528	349.546	396.749	351.466	223724	225036	
35.6117	334.31	76.6379	323.609	213795	206796	
98.495	47.6752	145.667	46.8968	30178	29585	
225.807	63.8109	267.432	63.19	40545	40587	
242.509	64.6815	284.349	64.4744	41202	41244	
317.745	31.3097	360.239	31.7883	20157	20200	
510.057	31.4334	558.087	32.643	20350	21038	
140.682	31.2381	186.636	31.0781	19980	20026	
141.638	32.4922	186.636	31.0781	20621	20026	
360.489	34.0618	361.421	143.75	22120	91881	
0.857844	130.63	12.8142	197.844	83200	126092	
181.507	82.9042	347.532	198.255	52661	127067	
85.6264	49.3203	132.627	47.0492	31445	30212	
511.706	211.659	85.0364	22.4416	135551	14165	
179.422	68.7243	222.21	65.5	43699	41822	
553.187	39.1904	602.218	43.7138	25513	28122	
355.197	260.803	438.309	278.574	166755	178358	
510.499	103.972	556.093	106.903	66430	68396	
156.95	106.066	312.189	99.5469	67996	63672	
566.487	11.7213	614.221	409.922	7606	262374	
232.416	58.2019	274.629	57.9845	37352	36754	
255.864	59.1183	297.986	58.6943	38015	37417	
234.649	60.71	276.674	60.4843	38634	38676	
509.579	43.9661	557	45.9287	28029	29357	
265.732	107.597	548.955	40.3734	68745	26148	
170.224	28.5797	67.1075	26.9681	18090	16707	
505.264	61.4748	550.458	74.9065	39545	47910	
500.257	78.008	542.79	100.111	50420	64542	
311.24	93.3154	352.071	93.7336	59831	59872	
178.991	59.0356	222.315	57.4872	37938	36702	
488.158	61.4402	533.674	63.5704	39528	40853	
89.2239	190.221	12.8142	197.844	121689	126092	
349.416	264.446	384.404	266.006	169309	170624	
96.2692	75.3242	142.206	73.1431	48096	46862	
296.395	91.9393	87.8089	27.6003	58536	17367	
82.136	46.0981	132.125	41.6287	29522	26372	
361.668	357.509	397.073	359.922	228841	230157	
28.3585	330.426	70.1442	318.488	211228	203590	
453.088	364.587	487.79	370.532	233413	237287	
177.478	39.9682	221.402	39.0891	25137	25181	
549.931	24.291	635.171	166.442	15909	106875	
295.375	40.4135	337.704	39.5379	25895	25297	
249.048	56.0961	331.773	97.045	36089	62411	
507.18	48.21	554.063	50.2622	31227	32554	
92.3333	56.4049	138.04	54.2996	35932	34698	
296.495	32.223	339.062	31.3445	20776	20179	
182.07	55.5943	225.378	54.1	35382	34785	
315.374	71.9459	359.257	76.3612	45755	48999	
299.268	40.3764	621.656	404.186	25899	259181	
14.1522	63.9451	64.4947	60.6588	40334	38464	
178.121	25.0042	222.196	23.8109	16178	14942	
140.109	32.5297	186.636	31.0781	20620	20026	
177.747	18.3524	569.736	243.64	11697	156089	
177.987	33.4878	538.184	44.217	21297	28698	
25.5502	32.5798	76.0794	30.4961	20505	19276	
99.3742	48.6822	145.667	46.8968	30819	29585	
146.494	9.88507	192.191	8.9981	5906	5312	
86.0761	49.1214	132.627	47.0492	31446	30212	
304.482	34.2951	347.27	34.1534	22064	22107	
169.777	34.2623	213.791	33.2837	21929	21333	
228.981	72.7638	270.874	71.951	46308	45710	
235.048	73.2005	390.185	108.206	46955	69510	
494.31	26.7497	328.824	90.5264	17134	57928	
82.2469	72.613	128.386	69.7445	46162	44288	
145.527	41.0988	227.393	17.9057	26385	11107	
173.107	41.4946	217.263	40.5921	26413	25817	
507.153	35.1223	554.857	36.3304	22907	23594	
493.112	58.8421	539.072	60.7103	37613	38939	
501.094	59.0488	547.309	61.0334	38261	39587	
87.5892	56.8826	134.331	54.5584	35927	34694	
179.033	66.3397	222.21	65.5	42419	41822	
491.688	42.5973	538.184	44.217	27371	28698	
226.957	57.5953	269.425	57.3824	36706	36749	
507.138	42.8691	554.388	44.7847	27387	28714	
92.8303	74.4351	138.843	72.2368	47452	46218	
27.983	27.9103	78.0807	25.8976	17307	16078	
172.804	27.8165	218.795	26.8709	17452	16858	
310.663	28.0892	352.458	26.8958	18230	16992	
256.108	59.1949	297.986	58.6943	38016	37417	
230.879	51.7297	273.58	50.9152	32870	32273	
144.347	35.889	189.789	35.0917	22544	22589	
331.205	67.3058	238.498	106.807	43211	68078	
554.089	21.6982	603.84	23.2833	13994	15323	
224.688	75.028	266.682	73.832	48224	46986	
554.314	44.1241	603.925	46.3329	28714	30043	
93.6786	45.4696	141.006	43.4977	28893	27661	
319.961	29.3414	362.073	30.1355	18879	19562	
38.9271	29.0539	87.8089	27.6003	18598	17367	
497.437	30.236	385.797	144.662	19697	92545	
560.234	14.4485	349.719	138.345	9520	88669	
561.424	7.24776	612.606	7.69269	5041	5092	
183.33	59.2649	226.364	57.974	37943	36706	
178.25	59.5193	192.703	30.7836	37938	19392	
509.728	38.6524	153.721	87.8442	24829	55833	
306.623	29.785	349.729	29.7723	18866	18909	
87.3339	53.3553	134.009	51.1207	34007	32774	
224.529	69.2407	266.361	66.7882	44384	42506	
228.14	68.6507	270.093	68.145	43748	43790	
489.838	38.6712	361.421	143.75	24809	91881	
95.1861	52.5337	141.492	50.5166	33375	32141	
140.302	37.875	227.393	17.9057	23820	11107	
81.4679	61.8503	128.464	59.6909	39121	37888	
88.7375	76.4558	134.8	74.1531	48728	47494	
490.96	30.6169	537.092	32.616	19690	21017	
503.614	39.1223	344.195	79.2727	25463	50904	
174.212	55.1642	217.851	53.83	35374	34137	
109.077	75.5891	154.079	73.3188	48109	46874	
487.983	61.6889	533.674	63.5704	39527	40853	
496.867	62.4492	548.388	56.7324	40176	36388	
323.482	31.337	366.256	31.4379	20163	20206	
174.443	31.396	217.825	30.7112	20014	19417	
82.5538	46.5706	129.274	45.2068	29522	28929	
502.152	54.6378	548.388	56.7324	35062	36388	
489.975	47.4526	533.674	63.5704	30569	40853	
510.469	30.9175	558.087	32.643	19710	21038	
221.664	79.6754	328.824	90.5264	50781	57928	
313.857	77.5479	355.645	75.7138	49593	48355	
315.705	70.8806	357.735	69.685	45115	44517	
608.969	80.4169	58.3626	334.709	51808	213818	
81.7597	77.2314	127.969	74.4433	49361	47487	
357.28	95.8998	64.4455	59.5578	61157	37824	
185.89	95.9432	227.827	94.2105	60985	60387	
504.207	72.9199	550.254	75.1686	46584	48550	
227.16	87.6078	267.929	86.299	55907	55307	
509.691	104.24	555.321	107.126	67069	69035	
221.09	70.6136	263.079	69.682	45021	44423	
181.333	81.0346	67.1247	180.846	52021	115267	
174.998	63.1719	217.996	61.9275	40494	39257	
182.582	63.0842	225.549	62.0213	40502	39905	
313.222	89.2777	487.747	260.307	57273	166887	
102.241	82.0567	569.617	380.322	52582	243769	
503.205	82.4992	548.591	84.742	52983	54308	
104.703	77.5452	149.693	74.9012	49384	47509	
176.735	96.6985	219.02	94.9658	61616	60379	
204.118	89.7167	245.727	88.3253	57164	56565	
308.97	90.3113	349.259	90.8085	57908	57949	
311.85	82.9727	353.832	80.671	52791	51553	
170.141	98.2352	212.718	96.3525	62890	61652	
199.044	89.9541	241.083	88.5695	57159	56561	
292.079	97.7529	331.773	97.045	62372	62411	
109.057	90.7789	153.721	87.8442	57709	55833	
204.365	135.648	67.1247	180.846	86604	115267	
333.296	98.169	153.721	87.8442	63053	55833	
470.944	106.327	513.478	107.671	68310	68993	
477.828	106.339	521.721	108.862	68317	69641	
258.818	91.4643	605.629	279.54	58498	179165	
153.478	107.008	196.348	104.953	68633	66756	
181.529	83.8849	201.827	15.6269	53301	9801	
225.29	83.7864	266.685	82.6962	53345	52746	
287.955	99.0297	191.715	44.4629	63647	28351	
288.271	91.3606	328.824	90.5264	58528	57928	
510.7	91.5223	556.927	91.1767	58750	58796	
100.555	91.6324	145.585	88.9132	58340	56465	
487.405	143.619	603.972	301.449	92007	193243	
87.1182	91.9777	132.953	89.0444	58327	57092	
274.125	99.0327	314.584	98.519	63634	63034	
598.415	130.431	76.8718	13.6087	83798	8396	
539.14	144.418	584.73	149.148	92699	95944	
248.343	136.58	305.791	136.344	87288	87345	
512.37	108.292	557.693	111.402	69632	71597	
236.379	91.7572	277.016	90.8254	58476	57877	
267.052	108.115	308.367	107.315	69387	68788	
176.579	107.849	575.76	216.698	68656	138815	
180.413	93.323	222.384	91.9642	59700	58462	
335.326	85.8227	376.734	85.6987	54735	54776	
484.125	86.4232	529.01	88.2626	55524	56849	
295.094	92.838	335.901	92.686	59175	59215	
494.754	85.5605	539.809	87.9919	54894	56219	
336.285	92.7485	377.03	93.3007	59216	59897	
241.337	93.9645	335.798	82.2463	59761	52815	
324.246	99.9306	365.785	100.012	63684	64365	
232.002	86.4559	277.016	90.8254	55272	57877	
505.652	101.894	550.843	104.54	65145	67110	
309.798	138.362	349.719	138.345	88629	88669	
192.156	92.614	234.188	90.9407	59072	57834	
172.816	94.366	215.114	92.7396	60332	59095	
502.247	87.0691	547.804	89.4002	56182	57507	
311.068	94.2109	351.779	94.0493	60471	60511	
319.051	94.0785	359.726	94.0263	60479	60519	
208.365	86.7202	249.735	84.8785	55248	54009	
317.674	138.855	357.186	138.963	88637	88677	
273.358	94.7275	313.697	94.3597	60433	60473	
231.63	93.8803	272.765	92.899	59751	59152	
340.33	139.628	569.343	379.202	89300	243129	
276.284	103.45	316.516	104.603	66196	66876	
295.335	102.789	336.653	103.027	65575	66256	
330.326	103.192	187.786	17.76	66250	11067	
595.23	142.045	633.251	187.923	91475	120313	
591.259	160.01	631.183	195.512	102991	125431	
313.926	142.356	353.186	142.595	91193	91233	
587.392	161.463	615.275	242.886	103627	155495	
589.284	169.114	633.251	187.923	108749	120313	
593.297	151.341	635.31	180.32	97233	115835	
582.702	199.774	628.211	208.45	127942	133748	
587.26	178.008	621.254	233.996	114507	149741	
312.89	194.414	351.058	194.507	124472	124511	
585.236	187.008	631.183	195.512	120265	125431	
584.083	194.485	603.972	301.449	124744	193243	
313.691	202.312	351.181	202.47	129593	129631	
47.4562	188.686	67.1247	180.846	120367	115267	
583.1	195.697	629.745	201.546	125383	129269	
533.928	203.263	577.824	207.949	130453	133057	
89.8116	190.242	132.72	184.892	121689	117892	
309.999	198.279	347.532	198.255	127029	127067	
529.853	224.757	577.824	207.949	143889	133057	
575.262	232.194	619.224	241.65	149055	154859	
581.23	206.146	627.707	216.063	132421	138867	
631.683	212.159	391.196	262.676	136311	168071	
422.902	248.093	459.712	251.027	159142	161099	
579.285	214.279	615.279	257.01	137539	165095	
449.041	256.077	487.747	260.307	164289	166887	
573.294	241.429	633.251	187.923	154813	120313	
208.47	263.667	67.1247	180.846	168528	115267	
577.246	222.666	631.183	195.512	142657	125431	
373.229	250.395	409.316	252.365	160373	161689	
361.936	250.012	398.675	251.062	160361	161038	
571.249	249.837	623.24	225.89	159931	144623	
353.256	264.945	388.62	266.365	169313	170628	
358.02	250.661	394.176	252.111	160358	161674	
437.287	250.596	474.759	254.388	160437	163034	
569.297	259.275	621.254	233.996	166329	149741	
360.266	260.036	395.803	261.72	166760	167435	
413.485	246.019	577.824	207.949	157853	133057	
357.666	267.423	420.021	222.207	171237	142500	
365.441	253.093	401.276	254.917	162285	162961	
355.636	261.499	391.196	262.676	167395	168071	
445.177	252.72	483.588	256.854	161725	164323	
521.819	267.994	569.736	243.64	171401	156089	
567.295	268.24	619.224	241.65	172087	154859	
525.854	246.029	569.736	243.64	157965	156089	
384.891	246.771	421.252	248.755	157824	159141	
390.633	247.026	437.326	250.733	158470	160437	
565.307	277.18	603.273	302.65	177845	193883	
433.124	254.577	470.577	258.218	162993	165590	
438.503	255	469.785	258.129	163638	165589	
559.291	304.313	619.224	241.65	195119	154859	
555.394	305.5	615.275	242.886	195755	155495	
563.268	285.941	619.224	241.65	182963	154859	
557.281	313.462	615.279	257.01	200877	165095	
28.617	329.308	70.1442	318.488	210588	203590	
33.1317	328.755	74.3165	317.885	209953	202954	
561.294	295.298	621.254	233.996	189361	149741	
555.25	321.764	619.224	241.65	205995	154859	
313.016	344.14	346.011	343.841	220473	219866	
356.164	323.446	390.052	325.023	207076	208390	
553.261	331.164	603.273	302.65	212393	193883	
298.754	359.9	620.346	399.973	230058	255980	
41.4266	339.909	81.8701	329.373	217001	210641	
16.3494	346.395	57.9648	334.086	221456	213817	
318.269	345.884	350.898	346.348	221118	221790	
359.194	360.862	391.598	363.099	230759	232711	
35.6172	333.202	76.3334	322.205	213155	206156	
364.571	354.368	385.797	144.662	226924	92545	
455.526	361.299	566.017	159.538	231495	102326	
551.274	340.122	619.224	241.65	218151	154859	
359.169	354.367	391.878	356.417	226919	228231	
310.781	348.118	343.086	348.054	223030	223063	
521.85	369.141	603.972	301.449	236681	193243	
549.289	349.41	615.279	257.01	223909	165095	
438.481	350.019	482.036	356.271	224438	228322	
433.123	349.638	468.025	354.78	223793	227028	
507.531	364.44	544.179	372.854	233467	238624	
531.281	369.663	569.343	379.202	236691	243129	
547.293	358.052	599.256	317.835	229667	203479	
361.977	350.674	394.879	352.649	224361	225674	
302.407	356.558	241.799	346.292	228142	221681	
313.685	356.989	346.011	356.927	228153	228186	
583.588	392.001	621.656	404.186	251463	259181	
453.885	351.187	489.037	357.166	225093	228969	
545.848	364.871	584.082	375.876	233505	240584	
574.092	400.064	619.564	407.336	256574	261099	
576.808	386.116	615.759	398.111	247616	255335	
541.653	365.893	579.825	376.103	234141	241219	
581.204	395.075	619.564	407.336	253381	261099	
581.936	388.017	620.346	399.973	248901	255980	
573.148	396.961	611.266	408.839	254013	261731	
587.43	389.714	625.389	401.773	249547	257265	
578.491	398.917	618.796	412.092	255298	264298	
99.3742	48.6822	145.667	46.8968	30819	29585	
304.482	34.2951	347.27	34.1534	22064	22107	
169.777	34.2623	213.791	33.2837	21929	21333	
235.048	73.2005	200.672	22.7926	46955	14280	
501.094	59.0488	547.309	61.0334	38261	39587	
87.5892	56.8826	134.331	54.5584	35927	34694	
179.033	66.3397	222.21	65.5	42419	41822	
226.957	57.5953	612.606	7.69269	36706	5092	
224.688	75.028	266.682	73.832	48224	46986	
183.33	59.2649	352.361	48.859	37943	31072	
178.25	59.5193	221.64	58.0341	37938	37341	
224.529	69.2407	16.1007	196.039	44384	125456	
489.838	38.6712	536.425	40.3661	24809	26136	
95.1861	52.5337	141.492	50.5166	33375	32141	
496.867	62.4492	548.388	56.7324	40176	36388	
502.152	54.6378	548.388	56.7324	35062	36388	
489.975	47.4526	547.804	89.4002	30569	57507	
510.469	30.9175	558.087	32.643	19710	21038	
357.28	95.8998	64.4455	59.5578	61157	37824	
504.207	72.9199	550.254	75.1686	46584	48550	
227.16	87.6078	267.929	86.299	55907	55307	
509.691	104.24	555.321	107.126	67069	69035	
174.998	63.1719	80.0017	315.118	40494	201680	
182.582	63.0842	225.549	62.0213	40502	39905	
503.205	82.4992	548.591	84.742	52983	54308	
204.365	135.648	305.791	136.344	86604	87345	
181.529	83.8849	397.073	359.922	53301	230157	
87.1182	91.9777	186.636	31.0781	58327	20026	
274.125	99.0327	578.585	152.542	63634	97858	
248.343	136.58	305.791	136.344	87288	87345	
502.247	87.0691	547.804	89.4002	56182	57507	
47.4562	188.686	67.1247	180.846	120367	115267	
309.999	198.279	347.532	198.255	127029	127067	
208.47	263.667	305.791	136.344	168528	87345	
361.936	250.012	398.675	251.062	160361	161038	
360.266	260.036	395.803	261.72	166760	167435	
357.666	267.423	213.791	33.2837	171237	21333	
28.617	329.308	70.1442	318.488	210588	203590	
359.194	360.862	391.598	363.099	230759	232711	
438.481	350.019	482.036	356.271	224438	228322	
433.123	349.638	468.025	354.78	223793	227028	
453.885	351.187	489.037	357.166	225093	228969	
574.092	400.064	620.346	399.973	256574	255980	
